500
211 46
201 374
155 335
371 68
440 223
205 411
28 256
211 480
480 120
202 15
105 64
380 228
436 159
71 158
332 293
415 193
434 406
114 277
307 414
314 99
477 160
148 367
223 423
316 242
412 464
289 422
242 250
282 21
304 326
331 50
184 220
146 176
218 5
55 2
130 57
24 203
430 178
266 54
180 452
109 438
92 342
413 284
380 387
308 382
128 13
149 422
444 406
23 170
316 269
464 138
390 137
34 474
420 425
272 21
127 229
56 212
127 216
486 444
174 168
200 467
148 336
463 301
435 233
442 153
185 359
229 135
414 70
4 78
210 490
334 299
79 319
257 178
368 182
37 18
443 194
328 124
332 241
291 258
350 315
244 90
325 101
341 191
372 432
41 4
397 495
129 227
355 338
391 493
487 367
243 343
452 96
239 192
175 382
56 84
433 423
77 32
95 388
278 102
288 330
215 426
227 166
302 96
32 35
51 154
404 114
219 433
8 344
165 172
328 132
147 364
136 175
399 428
409 145
221 326
447 450
441 20
265 150
138 3
265 446
206 222
242 357
31 198
467 248
236 460
320 190
240 383
306 406
32 257
69 209
2 81
279 477
422 278
185 141
494 417
156 378
353 69
144 448
53 460
340 51
459 494
177 43
305 468
495 354
468 66
449 1
68 177
402 93
118 496
183 128
188 389
231 218
322 116
144 74
310 52
285 56
497 362
238 106
107 371
498 29
262 162
416 237
372 290
274 83
327 207
369 208
141 86
149 475
49 24
348 375
400 478
247 462
407 292
214 182
258 14
403 186
245 33
10 258
98 423
279 162
80 397
109 277
186 254
377 107
125 297
249 130
42 58
97 405
57 213
337 280
8 358
211 391
352 445
151 277
495 408
368 418
323 219
157 212
476 216
59 11
454 347
447 451
159 402
410 323
281 447
265 189
234 43
280 238
381 301
429 236
282 499
202 29
350 355
260 39
310 327
492 147
156 95
286 345
451 159
164 324
191 313
416 38
414 252
179 2
119 493
176 201
465 323
151 122
344 284
386 203
336 425
143 249
242 322
416 381
142 273
161 199
103 209
296 171
485 449
299 264
217 394
138 364
196 457
455 288
94 158
65 421
91 62
163 320
399 470
115 181
445 256
271 231
432 282
291 370
135 293
143 491
169 465
270 30
424 451
134 394
385 137
63 317
300 4
122 481
298 355
456 301
425 360
250 371
412 348
196 230
19 253
195 7
85 159
255 148
497 208
113 185
9 67
289 274
217 254
295 78
500 49
349 494
491 108
281 373
194 99
339 206
123 19
366 334
40 437
26 325
476 92
287 459
133 74
374 292
102 259
344 314
146 396
398 238
35 346
136 42
311 360
345 23
398 490
453 476
326 263
405 139
12 276
194 418
235 66
6 5
331 457
244 28
33 355
140 467
110 222
246 495
436 197
224 424
189 405
233 126
6 419
460 275
408 393
471 478
458 126
7 472
346 437
466 76
261 47
305 270
80 312
31 60
16 396
309 469
42 168
491 437
116 152
235 7
366 484
232 392
423 216
417 148
48 245
16 461
377 397
110 79
305 378
454 221
248 188
105 324
89 132
153 117
100 133
317 303
379 412
103 320
332 69
461 406
145 82
148 111
483 439
485 427
25 50
137 204
294 317
492 215
262 317
122 131
309 438
365 390
267 74
167 168
59 275
390 26
431 171
217 73
417 247
90 166
441 3
382 55
32 233
473 332
113 303
423 251
62 205
345 413
499 292
244 61
234 471
20 75
349 327
290 45
173 11
404 155
386 91
409 167
153 220
265 157
164 306
369 356
226 215
291 479
9 498
401 286
352 31
27 236
482 277
315 120
302 369
77 161
398 322
361 369
418 18
22 225
297 262
128 487
156 187
475 410
400 301
71 112
132 239
451 334
483 344
426 392
104 136
488 294
110 419
279 59
38 19
144 395
88 387
429 175
123 165
333 34
45 474
489 338
385 86
121 56
154 490
357 268
320 384
15 228
184 70
41 473
363 13
238 222
19 276
33 87
335 197
130 285
100 89
370 134
277 158
244 47
427 25
80 150
420 431
351 74
191 244
248 94
283 311
161 318
54 329
65 340
366 415
222 240
209 329
456 117
321 4
22 404
15 44
455 82
67 86
232 36
24 325
492 118
333 230
228 47
8 347
36 283
72 413
326 131
217 340
64 395
243 369
441 376
142 384
278 452
459 76
15 119
442 472
328 362
181 177
355 320
353 260
358 420
348 470
17 412
271 37
442 59
