100
-1 2
3 4
5 6
7 -1
8 -1
9 10
11 12
-1 13
14 15
-1 -1
-1 16
17 -1
18 19
20 21
22 23
-1 -1
24 25
26 -1
27 28
29 30
31 -1
32 33
34 35
36 37
38 39
-1 40
-1 41
-1 42
-1 -1
43 44
-1 -1
45 46
47 48
-1 -1
-1 49
-1 50
51 52
-1 53
54 55
-1 56
57 -1
-1 58
59 -1
60 61
-1 62
-1 63
-1 -1
-1 64
65 -1
66 -1
-1 67
-1 -1
-1 68
-1 69
70 -1
71 -1
72 73
74 75
-1 -1
76 -1
77 -1
-1 -1
78 -1
-1 -1
79 80
81 82
-1 83
84 -1
85 -1
86 -1
-1 87
-1 -1
-1 -1
-1 88
-1 -1
89 90
-1 -1
91 -1
-1 92
93 -1
94 95
-1 -1
96 97
98 -1
-1 99
100 -1
-1 -1
-1 -1
-1 -1
-1 -1
-1 -1
-1 -1
-1 -1
-1 -1
-1 -1
-1 -1
-1 -1
-1 -1
-1 -1
-1 -1
3
8
6
2
